1000 2
1100 0
1200 0
1300 0
1400 1
1500 0
1600 0
1700 1
1800 1
1900 0
2000 0
2100 1
2200 1
2300 1
2400 1
2500 1
2600 1
2700 0
2800 0
2900 1
3000 1
3100 0
3200 0
3300 1
3400 1
3500 1
3600 0
3700 0
3800 0
3900 0
4000 0
4100 1
4200 1
4300 1
4400 0
4500 0
4600 0
4700 1
4800 1
4900 1
5000 1
5100 1
5200 1
5300 1
5400 1
5500 1
5600 0
5700 0
5800 0
5900 0
6000 1
6100 1
6200 0
6300 1
6400 1
6500 1
6600 0
6700 0
6800 1
6900 1
7000 1
7100 0
7200 0
7300 0
7400 1
7500 1
7600 1
7700 1
7800 1
7900 1
8000 1
8100 1
8200 1
8300 1
8400 1
8500 1
8600 1
8700 1
8800 1
8900 1
9000 1
9100 1
9200 0
9300 1
9400 1
9500 1
9600 1
9700 1
9800 1
9900 1
10000 1
10100 1
10200 1
10300 1
10400 1
10500 1
10600 1
10700 1
10800 1
10900 1
11000 1
11100 1
11200 1
11300 1
11400 1
11500 1
11600 1
11700 1
11800 1
11900 1
12000 1
12100 2
12200 1
12300 2
12400 1
12500 2
12600 1
12700 2
12800 1
12900 2
13000 1
13100 1
13200 2
13300 1
13400 1
13500 1
13600 1
13700 1
13800 2
13900 1
14000 1
14100 2
14200 1
14300 1
14400 2
14500 2
14600 1
14700 1
14800 1
14900 2
15000 1
15100 1
15200 1
15300 2
15400 2
15500 2
15600 1
15700 1
15800 1
15900 1
16000 2
16100 2
16200 2
16300 2
16400 2
16500 2
16600 2
16700 2
16800 2
16900 2
17000 1
17100 1
17200 1
17300 1
17400 1
17500 2
17600 2
17700 2
17800 2
17900 2
18000 1
18100 1
18200 2
18300 2
18400 2
18500 2
18600 1
18700 2
18800 2
18900 2
19000 2
19100 2
19200 2
19300 2
19400 2
19500 2
19600 2
19700 2
19800 2
19900 2
20000 2
20100 2
20200 2
20300 2
20400 2
20500 2
20600 2
20700 2
20800 2
20900 2
21000 2
21100 3
21200 2
21300 2
21400 2
21500 2
21600 3
21700 2
21800 2
21900 3
22000 3
22100 2
22200 2
22300 2
22400 3
22500 2
22600 2
22700 2
22800 3
22900 3
23000 2
23100 2
23200 2
23300 2
23400 3
23500 3
23600 3
23700 2
23800 2
23900 2
24000 2
24100 2
24200 4
24300 4
24400 3
24500 3
24600 3
24700 3
24800 3
24900 3
25000 3
25100 3
25200 3
25300 3
25400 2
25500 2
25600 2
25700 3
25800 3
25900 3
26000 2
26100 3
26200 3
26300 3
26400 3
26500 2
26600 3
26700 3
26800 3
26900 3
27000 2
27100 3
27200 3
27300 3
27400 3
27500 3
27600 3
27700 3
27800 3
27900 3
28000 3
28100 3
28200 3
28300 3
28400 3
28500 3
28600 3
28700 3
28800 3
28900 3
29000 3
29100 3
29200 3
29300 3
29400 3
29500 3
29600 4
29700 3
29800 3
29900 3
30000 3
30100 3
30200 4
30300 4
30400 3
30500 3
30600 3
30700 4
30800 4
30900 4
31000 4
31100 4
31200 4
31300 4
31400 4
31500 4
31600 3
31700 4
31800 3
31900 3
32000 3
32100 3
32200 3
32300 3
32400 4
32500 4
32600 4
32700 3
32800 3
32900 3
33000 4
33100 4
33200 3
33300 4
33400 3
33500 3
33600 4
33700 4
33800 4
33900 4
34000 3
34100 4
34200 3
34300 4
34400 4
34500 4
34600 3
34700 4
34800 4
34900 3
35000 4
35100 3
35200 4
35300 3
35400 4
35500 4
35600 4
35700 4
35800 4
35900 4
36000 4
36100 4
36200 5
36300 4
36400 4
36500 4
36600 4
36700 4
36800 3
36900 5
37000 4
37100 4
37200 4
37300 4
37400 4
37500 4
37600 4
37700 4
37800 4
37900 4
38000 4
38100 4
38200 5
38300 4
38400 4
38500 4
38600 4
38700 4
38800 4
38900 5
39000 5
39100 4
39200 4
39300 4
39400 4
39500 5
39600 5
39700 4
39800 4
39900 5
40000 5
40100 4
40200 4
40300 5
40400 4
40500 5
40600 4
40700 4
40800 5
40900 4
41000 5
41100 4
41200 6
41300 5
41400 4
41500 5
41600 4
41700 4
41800 5
41900 4
42000 5
42100 4
42200 5
42300 5
42400 4
42500 5
42600 5
42700 5
42800 5
42900 4
43000 5
43100 5
43200 5
43300 4
43400 5
43500 5
43600 5
43700 5
43800 5
43900 5
44000 5
44100 5
44200 5
44300 4
44400 5
44500 5
44600 5
44700 6
44800 6
44900 5
45000 5
45100 5
45200 5
45300 5
45400 6
45500 5
45600 5
45700 5
45800 5
45900 5
46000 6
46100 5
46200 5
46300 5
46400 6
46500 5
46600 5
46700 6
46800 5
46900 6
47000 5
47100 5
47200 6
47300 5
47400 6
47500 5
47600 6
47700 5
47800 6
47900 6
48000 5
48100 6
48200 5
48300 6
48400 6
48500 5
48600 6
48700 5
48800 5
48900 6
49000 6
49100 6
49200 6
49300 6
49400 5
49500 5
49600 6
49700 6
49800 6
49900 6
50000 6
50100 6
50200 6
50300 5
50400 5
50500 6
50600 6
50700 6
50800 6
50900 6
51000 6
51100 6
51200 6
51300 6
51400 6
51500 6
51600 6
51700 6
51800 6
51900 6
52000 6
52100 6
52200 6
52300 7
52400 6
52500 6
52600 7
52700 7
52800 6
52900 6
53000 6
53100 7
53200 6
53300 7
53400 6
53500 7
53600 6
53700 6
53800 6
53900 6
54000 7
54100 6
54200 7
54300 7
54400 6
54500 6
54600 7
54700 7
54800 6
54900 6
55000 7
55100 7
55200 7
55300 6
55400 6
55500 7
55600 7
55700 7
55800 7
55900 7
56000 7
56100 8
56200 7
56300 7
56400 7
56500 7
56600 7
56700 7
56800 7
56900 7
57000 7
57100 7
57200 7
57300 7
57400 7
57500 7
57600 7
57700 7
57800 7
57900 7
58000 7
58100 7
58200 8
58300 7
58400 7
58500 7
58600 7
58700 7
58800 9
58900 7
59000 8
59100 7
59200 7
59300 7
59400 7
59500 7
59600 7
59700 8
59800 7
59900 8
60000 8
60100 7
60200 7
60300 7
60400 8
60500 8
60600 7
60700 7
60800 7
60900 8
61000 8
61100 8
61200 8
61300 8
61400 8
61500 8
61600 8
61700 8
61800 7
61900 7
62000 8
62100 8
62200 8
62300 8
62400 8
62500 8
62600 8
62700 8
62800 8
62900 8
63000 8
63100 8
63200 8
63300 8
63400 8
63500 8
63600 8
63700 8
63800 8
63900 8
64000 8
64100 8
64200 8
64300 9
64400 8
64500 8
64600 8
64700 8
64800 8
64900 8
65000 8
65100 9
65200 8
65300 8
65400 8
65500 8
65600 8
65700 8
65800 9
65900 9
66000 9
66100 8
66200 8
66300 8
66400 8
66500 8
66600 9
66700 9
66800 9
66900 8
67000 8
67100 9
67200 9
67300 9
67400 8
67500 8
67600 9
67700 9
67800 9
67900 9
68000 8
68100 9
68200 9
68300 9
68400 8
68500 9
68600 9
68700 9
68800 9
68900 9
69000 9
69100 9
69200 9
69300 10
69400 9
69500 9
69600 9
69700 9
69800 9
69900 9
70000 9
70100 9
70200 10
70300 9
70400 9
70500 10
70600 9
70700 9
70800 9
70900 10
71000 10
71100 9
71200 9
71300 9
71400 9
71500 10
71600 10
71700 9
71800 9
71900 10
72000 10
72100 9
72200 9
72300 9
72400 9
72500 10
72600 10
72700 10
72800 10
72900 9
73000 11
73100 10
73200 9
73300 10
73400 10
73500 9
73600 10
73700 10
73800 10
73900 11
74000 10
74100 10
74200 10
74300 9
74400 10
74500 10
74600 10
74700 10
74800 10
74900 10
75000 10
75100 11
75200 10
75300 10
75400 11
75500 11
75600 10
75700 10
75800 10
75900 10
76000 11
76100 11
76200 10
76300 10
76400 10
76500 10
76600 10
76700 10
76800 10
76900 10
77000 10
77100 10
77200 11
77300 11
77400 10
77500 10
77600 10
77700 10
77800 10
77900 11
78000 12
78100 11
78200 11
78300 11
78400 10
78500 11
78600 11
78700 10
78800 11
78900 11
79000 11
79100 11
79200 10
79300 11
79400 11
79500 11
79600 11
79700 11
79800 11
79900 11
80000 11
80100 11
80200 11
80300 11
80400 11
80500 12
80600 11
80700 11
80800 11
80900 11
81000 11
81100 11
81200 11
81300 11
81400 11
81500 11
81600 11
81700 11
81800 11
81900 11
82000 11
82100 11
82200 11
82300 11
82400 11
82500 11
82600 12
82700 11
82800 11
82900 12
83000 12
83100 12
83200 11
83300 12
83400 12
83500 11
83600 12
83700 11
83800 12
83900 11
84000 13
84100 11
84200 12
84300 12
84400 12
84500 12
84600 12
84700 12
84800 11
84900 12
85000 12
85100 12
85200 12
85300 12
85400 12
85500 12
85600 13
85700 12
85800 13
85900 13
86000 12
86100 12
86200 12
86300 12
86400 12
86500 12
86600 13
86700 13
86800 13
86900 12
87000 12
87100 13
87200 13
87300 12
87400 12
87500 12
87600 12
87700 13
87800 12
87900 12
88000 13
88100 12
88200 12
88300 13
88400 12
88500 13
88600 12
88700 13
88800 12
88900 13
89000 12
89100 13
89200 12
89300 13
89400 13
89500 13
89600 13
89700 12
89800 13
89900 12
90000 13
90100 13
90200 13
90300 13
90400 13
90500 13
90600 13
90700 13
90800 13
90900 13
91000 13
91100 13
91200 13
91300 13
91400 14
91500 13
91600 13
91700 13
91800 14
91900 13
92000 14
92100 13
92200 13
92300 14
92400 14
92500 13
92600 14
92700 13
92800 14
92900 13
93000 14
93100 14
93200 14
93300 13
93400 14
93500 14
93600 14
93700 14
93800 14
93900 14
94000 14
94100 14
94200 14
94300 14
94400 14
94500 14
94600 14
94700 14
94800 14
94900 14
95000 15
95100 15
95200 16
95300 15
95400 15
95500 15
95600 17
95700 15
95800 15
95900 15
96000 15
96100 14
96200 15
96300 15
96400 15
96500 15
96600 14
96700 14
96800 15
96900 15
97000 14
97100 15
97200 15
97300 14
97400 15
97500 14
97600 15
97700 14
97800 15
97900 15
98000 14
98100 15
98200 15
98300 15
98400 14
98500 16
98600 14
98700 15
98800 15
98900 15
99000 14
99100 14
99200 14
99300 15
99400 14
99500 14
99600 14
99700 15
99800 15
99900 15
100000 17
100100 15
100200 15
100300 15
100400 15
100500 15
100600 15
100700 15
100800 15
100900 15
101000 15
101100 15
101200 15
101300 15
101400 15
101500 17
101600 15
101700 15
101800 15
101900 15
102000 15
102100 15
102200 15
102300 15
102400 16
102500 15
102600 15
102700 16
102800 16
102900 17
103000 16
103100 15
103200 16
103300 16
103400 16
103500 16
103600 16
103700 16
103800 16
103900 16
104000 16
104100 16
104200 18
104300 16
104400 16
104500 16
104600 16
104700 16
104800 16
104900 16
105000 16
105100 16
105200 16
105300 16
105400 16
105500 16
105600 18
105700 16
105800 16
105900 16
106000 17
106100 16
106200 16
106300 16
106400 17
106500 16
106600 16
106700 17
106800 17
106900 16
107000 18
107100 17
107200 16
107300 17
107400 16
107500 17
107600 16
107700 16
107800 17
107900 16
108000 16
108100 17
108200 17
108300 17
108400 16
108500 17
108600 17
108700 16
108800 17
108900 17
109000 17
109100 17
109200 17
109300 18
109400 17
109500 17
109600 17
109700 17
109800 17
109900 19
110000 18
110100 17
110200 17
110300 17
110400 17
110500 17
110600 17
110700 17
110800 18
110900 17
111000 18
111100 17
111200 17
111300 17
111400 18
111500 18
111600 17
111700 17
111800 17
111900 17
112000 17
112100 20
112200 18
112300 18
112400 18
112500 18
112600 18
112700 18
112800 17
112900 17
113000 18
113100 18
113200 18
113300 18
113400 19
113500 18
113600 17
113700 18
113800 18
113900 18
114000 18
114100 18
114200 18
114300 18
114400 18
114500 19
114600 18
114700 18
114800 18
114900 18
115000 18
115100 18
115200 18
115300 18
115400 19
115500 18
115600 18
115700 18
115800 18
115900 19
116000 19
116100 19
116200 19
116300 19
116400 19
116500 19
116600 19
116700 19
116800 19
116900 19
117000 19
117100 19
117200 19
117300 18
117400 19
117500 19
117600 18
117700 19
117800 19
117900 19
118000 18
118100 19
118200 19
118300 19
118400 19
118500 19
118600 19
118700 20
118800 20
118900 19
119000 19
119100 19
119200 21
119300 19
119400 20
119500 20
119600 19
119700 19
119800 19
119900 21
120000 22
120100 21
120200 20
120300 21
120400 19
120500 20
120600 20
120700 20
120800 19
120900 20
121000 20
121100 20
121200 20
121300 19
121400 20
121500 22
121600 20
121700 20
121800 19
121900 20
122000 20
122100 20
122200 20
122300 20
122400 20
122500 20
122600 21
122700 20
122800 20
122900 20
123000 20
123100 20
123200 20
123300 19
123400 20
123500 20
123600 22
123700 20
123800 20
123900 20
124000 20
124100 20
124200 20
124300 21
124400 20
124500 20
124600 20
124700 21
124800 20
124900 20
125000 20
125100 21
125200 21
125300 21
125400 21
125500 20
125600 21
125700 21
125800 22
125900 20
126000 20
126100 21
126200 20
126300 21
126400 21
126500 21
126600 21
126700 22
126800 20
126900 23
127000 21
127100 21
127200 21
127300 21
127400 21
127500 21
127600 21
127700 22
127800 22
127900 24
128000 22
128100 21
128200 21
128300 22
128400 22
128500 21
128600 22
128700 21
128800 21
128900 23
129000 21
129100 22
129200 22
129300 21
129400 22
129500 22
129600 22
129700 22
129800 22
129900 21
130000 22
130100 22
130200 22
130300 24
130400 23
130500 22
130600 22
130700 22
130800 21
130900 22
131000 22
131100 23
131200 22
131300 23
131400 23
131500 22
131600 23
131700 22
131800 22
131900 23
132000 22
132100 22
132200 22
132300 22
132400 22
132500 22
132600 22
132700 22
132800 23
132900 24
133000 23
133100 23
133200 22
133300 23
133400 23
133500 22
133600 23
133700 23
133800 47
133900 30
134000 26
134100 23
134200 22
134300 23
134400 23
134500 23
134600 23
134700 23
134800 23
134900 23
135000 23
135100 23
135200 23
135300 24
135400 23
135500 23
135600 23
135700 23
135800 23
135900 23
136000 23
136100 23
136200 23
136300 23
136400 23
136500 23
136600 25
136700 23
136800 24
136900 23
137000 23
137100 24
137200 23
137300 23
137400 23
137500 24
137600 23
137700 24
137800 23
137900 24
138000 23
138100 24
138200 24
138300 23
138400 24
138500 24
138600 24
138700 24
138800 24
138900 24
139000 24
139100 24
139200 24
139300 24
139400 25
139500 23
139600 24
139700 24
139800 25
139900 25
140000 24
140100 24
140200 24
140300 24
140400 24
140500 24
140600 25
140700 24
140800 25
140900 24
141000 25
141100 24
141200 25
141300 24
141400 25
141500 25
141600 24
141700 25
141800 25
141900 24
142000 24
142100 25
142200 26
142300 25
142400 25
142500 24
142600 25
142700 25
142800 25
142900 25
143000 25
143100 25
143200 25
143300 24
143400 25
143500 25
143600 25
143700 25
143800 25
143900 25
144000 26
144100 25
144200 25
144300 25
144400 25
144500 25
144600 25
144700 26
144800 25
144900 26
145000 25
145100 25
145200 26
145300 25
145400 26
145500 25
145600 25
145700 26
145800 26
145900 26
146000 26
146100 26
146200 25
146300 25
146400 25
146500 26
146600 27
146700 26
146800 26
146900 26
147000 26
147100 26
147200 26
147300 26
147400 26
147500 26
147600 26
147700 27
147800 26
147900 26
148000 26
148100 26
148200 27
148300 27
148400 26
148500 26
148600 27
148700 27
148800 26
148900 26
149000 27
149100 26
149200 27
149300 26
149400 26
149500 27
149600 27
149700 27
149800 27
149900 27
150000 26
150100 27
150200 27
150300 27
150400 27
150500 27
150600 27
150700 27
150800 27
150900 27
151000 26
151100 26
151200 27
151300 27
151400 27
151500 27
151600 27
151700 27
151800 27
151900 28
152000 27
152100 27
152200 27
152300 28
152400 27
152500 27
152600 27
152700 28
152800 27
152900 27
153000 28
153100 28
153200 27
153300 27
153400 28
153500 28
153600 28
153700 28
153800 28
153900 28
154000 28
154100 29
154200 31
154300 31
154400 32
154500 35
154600 31
154700 28
154800 29
154900 28
155000 28
155100 28
155200 29
155300 28
155400 27
155500 28
155600 29
155700 28
155800 28
155900 28
156000 28
156100 28
156200 28
156300 29
156400 29
156500 28
156600 29
156700 29
156800 29
156900 29
157000 29
157100 28
157200 29
157300 28
157400 28
157500 28
157600 28
157700 29
157800 29
157900 29
158000 30
158100 29
158200 28
158300 28
158400 29
158500 29
158600 30
158700 29
158800 29
158900 30
159000 29
159100 44
159200 33
159300 29
159400 31
159500 29
159600 29
159700 29
159800 29
159900 30
160000 29
160100 30
160200 29
160300 30
160400 29
160500 30
160600 30
160700 30
160800 30
160900 31
161000 30
161100 30
161200 30
161300 30
161400 53
161500 38
161600 32
161700 29
161800 29
161900 30
162000 30
162100 30
162200 30
162300 31
162400 30
162500 30
162600 30
162700 30
162800 30
162900 30
163000 31
163100 30
163200 30
163300 30
163400 30
163500 30
163600 30
163700 30
163800 32
163900 30
164000 30
164100 30
164200 31
164300 31
164400 31
164500 32
164600 30
164700 31
164800 30
164900 30
165000 31
165100 31
165200 32
165300 30
165400 30
165500 31
165600 31
165700 31
165800 31
165900 31
166000 31
166100 32
166200 32
166300 31
166400 31
166500 31
166600 31
166700 32
166800 32
166900 31
167000 31
167100 31
167200 31
167300 32
167400 32
167500 31
167600 31
167700 31
167800 32
167900 32
168000 32
168100 33
168200 32
168300 32
168400 32
168500 31
168600 31
168700 32
168800 32
168900 32
169000 32
169100 32
169200 32
169300 32
169400 32
169500 32
169600 32
169700 33
169800 32
169900 32
170000 32
170100 32
170200 33
170300 33
170400 32
170500 32
170600 32
170700 32
170800 33
170900 34
171000 33
171100 32
171200 33
171300 32
171400 32
171500 33
171600 34
171700 32
171800 32
171900 33
172000 33
172100 32
172200 33
172300 34
172400 33
172500 33
172600 33
172700 33
172800 33
172900 33
173000 34
173100 33
173200 33
173300 33
173400 33
173500 33
173600 34
173700 33
173800 34
173900 33
174000 33
174100 33
174200 33
174300 35
174400 34
174500 34
174600 34
174700 34
174800 35
174900 56
175000 40
175100 34
175200 34
175300 34
175400 34
175500 34
175600 34
175700 34
175800 34
175900 34
176000 34
176100 34
176200 35
176300 34
176400 35
176500 34
176600 34
176700 34
176800 35
176900 35
177000 34
177100 34
177200 34
177300 34
177400 34
177500 35
177600 35
177700 34
177800 34
177900 35
178000 34
178100 34
178200 36
178300 35
178400 34
178500 34
178600 35
178700 35
178800 35
178900 35
179000 35
179100 35
179200 35
179300 35
179400 36
179500 35
179600 35
179700 35
179800 35
179900 35
180000 35
180100 36
180200 36
180300 35
180400 36
180500 35
180600 35
180700 36
180800 35
180900 36
181000 36
181100 35
181200 35
181300 36
181400 36
181500 35
181600 36
181700 36
181800 36
181900 36
182000 36
182100 36
182200 36
182300 36
182400 36
182500 35
182600 37
182700 36
182800 36
182900 36
183000 36
183100 36
183200 36
183300 36
183400 36
183500 36
183600 36
183700 37
183800 37
183900 36
184000 36
184100 36
184200 36
184300 37
184400 36
184500 37
184600 36
184700 37
184800 39
184900 45
185000 42
185100 40
185200 42
185300 40
185400 40
185500 37
185600 37
185700 37
185800 40
185900 40
186000 37
186100 37
186200 37
186300 40
186400 37
186500 38
186600 37
186700 37
186800 38
186900 38
187000 37
187100 37
187200 38
187300 38
187400 37
187500 37
187600 38
187700 37
187800 38
187900 37
188000 38
188100 38
188200 38
188300 37
188400 38
188500 38
188600 38
188700 38
188800 38
188900 38
189000 38
189100 38
189200 38
189300 38
189400 38
189500 38
189600 38
189700 38
189800 38
189900 38
190000 38
190100 38
190200 39
190300 39
190400 39
190500 38
190600 38
190700 39
190800 38
190900 40
191000 38
191100 39
191200 38
191300 38
191400 39
191500 39
191600 39
191700 39
191800 39
191900 38
192000 39
192100 40
192200 39
192300 39
192400 39
192500 39
192600 39
192700 41
192800 39
192900 39
193000 39
193100 40
193200 40
193300 46
193400 51
193500 51
193600 52
193700 56
193800 47
193900 39
194000 40
194100 41
194200 40
194300 41
194400 39
194500 46
194600 53
194700 52
194800 45
194900 41
195000 39
195100 40
195200 40
195300 42
195400 49
195500 52
195600 49
195700 41
195800 41
195900 46
196000 43
196100 50
196200 47
196300 45
196400 42
196500 45
196600 44
196700 40
196800 41
196900 41
197000 40
197100 41
197200 40
197300 41
197400 41
197500 40
197600 40
197700 40
197800 40
197900 40
198000 41
198100 40
198200 42
198300 41
198400 42
198500 41
198600 41
198700 41
198800 41
198900 42
199000 42
199100 43
199200 42
199300 41
199400 41
199500 42
199600 42
199700 42
199800 43
199900 42
200000 43
200100 43
200200 43
200300 42
200400 42
200500 42
200600 43
200700 42
200800 41
200900 41
201000 42
201100 42
201200 42
201300 42
201400 42
201500 43
201600 42
201700 42
201800 42
201900 43
202000 42
202100 42
202200 43
202300 42
202400 42
202500 42
202600 42
202700 43
202800 42
202900 43
203000 44
203100 45
203200 42
203300 43
203400 42
203500 42
203600 43
203700 43
203800 42
203900 43
204000 44
204100 46
204200 43
204300 43
204400 43
204500 43
204600 43
204700 43
204800 43
204900 44
205000 43
205100 43
205200 43
205300 44
205400 43
205500 45
205600 44
205700 43
205800 43
205900 44
206000 43
206100 44
206200 44
206300 44
206400 43
206500 43
206600 44
206700 44
206800 43
206900 43
207000 43
207100 44
207200 44
207300 44
207400 44
207500 44
207600 43
207700 44
207800 44
207900 45
208000 48
208100 45
208200 45
208300 44
208400 46
208500 46
208600 45
208700 47
208800 45
208900 45
209000 44
209100 44
209200 44
209300 44
209400 44
209500 45
209600 48
209700 44
209800 50
209900 45
210000 47
210100 46
210200 47
210300 46
210400 45
210500 47
210600 46
210700 45
210800 44
210900 45
211000 45
211100 45
211200 45
211300 45
211400 45
211500 45
211600 46
211700 45
211800 46
211900 45
212000 47
212100 45
212200 45
212300 45
212400 46
212500 47
212600 46
212700 45
212800 45
212900 45
213000 46
213100 45
213200 45
213300 45
213400 45
213500 45
213600 46
213700 45
213800 45
213900 45
214000 47
214100 46
214200 46
214300 46
214400 51
214500 47
214600 46
214700 46
214800 46
214900 46
215000 47
215100 46
215200 46
215300 46
215400 46
215500 47
215600 46
215700 47
215800 47
215900 47
216000 49
216100 48
216200 47
216300 47
216400 47
216500 48
216600 48
216700 47
216800 47
216900 46
217000 49
217100 46
217200 47
217300 47
217400 47
217500 47
217600 48
217700 47
217800 47
217900 49
218000 48
218100 48
218200 51
218300 48
218400 48
218500 48
218600 49
218700 49
218800 48
218900 47
219000 48
219100 48
219200 48
219300 49
219400 48
219500 48
219600 48
219700 48
219800 48
219900 87
220000 59
220100 48
220200 48
220300 48
220400 48
220500 48
220600 49
220700 48
220800 48
220900 48
221000 48
221100 49
221200 49
221300 48
221400 58
221500 48
221600 49
221700 54
221800 52
221900 50
222000 53
222100 51
222200 52
222300 54
222400 49
222500 49
222600 49
222700 49
222800 49
222900 49
223000 50
223100 50
223200 51
223300 50
223400 51
223500 50
223600 51
223700 50
223800 50
223900 50
224000 50
224100 50
224200 50
224300 50
224400 51
224500 50
224600 50
224700 51
224800 50
224900 50
225000 50
225100 51
225200 53
225300 52
225400 50
225500 49
225600 51
225700 49
225800 50
225900 50
226000 50
226100 52
226200 49
226300 50
226400 49
226500 50
226600 52
226700 51
226800 50
226900 50
227000 52
227100 50
227200 50
227300 51
227400 51
227500 51
227600 50
227700 51
227800 51
227900 52
228000 50
228100 51
228200 50
228300 51
228400 53
228500 50
228600 51
228700 51
228800 52
228900 51
229000 51
229100 51
229200 53
229300 50
229400 52
229500 52
229600 50
229700 53
229800 51
229900 51
230000 51
230100 51
230200 51
230300 51
230400 52
230500 52
230600 51
230700 51
230800 52
230900 52
231000 53
231100 52
231200 52
231300 52
231400 53
231500 52
231600 52
231700 52
231800 51
231900 54
232000 51
232100 52
232200 52
232300 54
232400 52
232500 52
232600 52
232700 53
232800 53
232900 52
233000 53
233100 53
233200 64
233300 53
233400 52
233500 53
233600 53
233700 52
233800 53
233900 53
234000 53
234100 53
234200 53
234300 52
234400 53
234500 53
234600 53
234700 53
234800 53
234900 54
235000 53
235100 54
235200 52
235300 54
235400 53
235500 53
235600 53
235700 54
235800 54
235900 53
236000 53
236100 53
236200 54
236300 53
236400 54
236500 53
236600 54
236700 53
236800 53
236900 54
237000 54
237100 54
237200 54
237300 53
237400 55
237500 54
237600 54
237700 54
237800 54
237900 54
238000 54
238100 54
238200 54
238300 55
238400 54
238500 54
238600 76
238700 56
238800 56
238900 55
239000 55
239100 55
239200 55
239300 56
239400 55
239500 56
239600 55
239700 55
239800 55
239900 56
240000 56
240100 55
240200 55
240300 56
240400 55
240500 57
240600 55
240700 55
240800 56
240900 55
241000 55
241100 57
241200 55
241300 56
241400 59
241500 56
241600 56
241700 56
241800 56
241900 56
242000 57
242100 56
242200 56
242300 56
242400 57
242500 56
242600 56
242700 56
242800 56
242900 57
243000 57
243100 56
243200 56
243300 57
243400 57
243500 56
243600 56
243700 56
243800 57
243900 56
244000 58
244100 57
244200 57
244300 57
244400 58
244500 57
244600 57
244700 57
244800 57
244900 57
245000 57
245100 57
245200 57
245300 57
245400 56
245500 57
245600 57
245700 57
245800 56
245900 57
246000 57
246100 56
246200 57
246300 57
246400 69
246500 57
246600 57
246700 57
246800 57
246900 58
247000 58
247100 58
247200 58
247300 59
247400 59
247500 58
247600 59
247700 58
247800 58
247900 58
248000 58
248100 62
248200 58
248300 58
248400 58
248500 59
248600 59
248700 58
248800 58
248900 99
249000 63
249100 58
249200 58
249300 58
249400 58
249500 59
249600 59
249700 58
249800 59
249900 58
250000 59
250100 59
250200 60
250300 59
250400 59
250500 59
250600 59
250700 59
250800 60
250900 59
251000 60
251100 59
251200 61
251300 60
251400 63
251500 64
251600 61
251700 62
251800 61
251900 61
252000 60
252100 62
252200 60
252300 61
252400 61
252500 61
252600 61
252700 61
252800 61
252900 63
253000 60
253100 60
253200 62
253300 80
253400 61
253500 60
253600 61
253700 59
253800 59
253900 61
254000 61
254100 60
254200 60
254300 60
254400 60
254500 59
254600 60
254700 61
254800 61
254900 60
255000 60
255100 61
255200 60
255300 60
255400 60
255500 61
255600 60
255700 61
255800 61
255900 61
256000 61
256100 62
256200 62
256300 61
256400 61
256500 60
256600 62
256700 61
256800 61
256900 62
257000 63
257100 62
257200 63
257300 63
257400 64
257500 62
257600 63
257700 64
257800 62
257900 62
258000 62
258100 65
258200 63
258300 63
258400 62
258500 63
258600 67
258700 64
258800 63
258900 62
259000 63
259100 62
259200 64
259300 62
259400 63
259500 69
259600 63
259700 67
259800 74
259900 67
260000 63
260100 62
260200 62
260300 64
260400 63
260500 61
260600 64
260700 63
260800 63
260900 64
261000 64
261100 62
261200 63
261300 64
261400 62
261500 63
261600 62
261700 64
261800 62
261900 64
262000 66
262100 64
262200 63
262300 64
262400 65
262500 65
262600 64
262700 66
262800 71
262900 69
263000 69
263100 65
263200 64
263300 64
263400 63
263500 64
263600 64
263700 63
263800 64
263900 65
264000 66
264100 66
264200 66
264300 65
264400 65
264500 65
264600 68
264700 66
264800 65
264900 68
265000 65
265100 65
265200 66
265300 65
265400 65
265500 65
265600 65
265700 65
265800 66
265900 66
266000 65
266100 66
266200 65
266300 81
266400 66
266500 65
266600 65
266700 64
266800 65
266900 65
267000 66
267100 65
267200 65
267300 66
267400 66
267500 65
267600 66
267700 65
267800 66
267900 66
268000 66
268100 66
268200 66
268300 65
268400 80
268500 67
268600 67
268700 68
268800 71
268900 71
269000 74
269100 75
269200 71
269300 66
269400 66
269500 67
269600 67
269700 67
269800 66
269900 66
270000 66
270100 66
270200 68
270300 69
270400 80
270500 68
270600 67
270700 68
270800 66
270900 66
271000 68
271100 67
271200 67
271300 66
271400 68
271500 66
271600 68
271700 77
271800 73
271900 73
272000 71
272100 68
272200 69
272300 66
272400 68
272500 67
272600 66
272700 69
272800 68
272900 69
273000 71
273100 69
273200 69
273300 69
273400 69
273500 67
273600 67
273700 69
273800 67
273900 68
274000 68
274100 72
274200 70
274300 69
274400 71
274500 68
274600 67
274700 69
274800 68
274900 69
275000 68
275100 69
275200 68
275300 95
275400 69
275500 69
275600 68
275700 69
275800 68
275900 68
276000 69
276100 68
276200 69
276300 68
276400 69
276500 69
276600 69
276700 69
276800 69
276900 68
277000 70
277100 68
277200 69
277300 70
277400 69
277500 69
277600 71
277700 72
277800 71
277900 71
278000 72
278100 71
278200 72
278300 72
278400 71
278500 71
278600 72
278700 71
278800 70
278900 71
279000 70
279100 70
279200 70
279300 71
279400 70
279500 71
279600 71
279700 71
279800 71
279900 71
280000 70
280100 71
280200 71
280300 72
280400 70
280500 71
280600 71
280700 71
280800 71
280900 71
281000 72
281100 71
281200 71
281300 71
281400 72
281500 71
281600 72
281700 71
281800 72
281900 72
282000 71
282100 92
282200 73
282300 72
282400 72
282500 73
282600 71
282700 72
282800 73
282900 72
283000 72
283100 72
283200 73
283300 71
283400 72
283500 72
283600 72
283700 72
283800 74
283900 73
284000 74
284100 74
284200 73
284300 73
284400 74
284500 73
284600 75
284700 74
284800 72
284900 73
285000 75
285100 73
285200 76
285300 72
285400 75
285500 73
285600 73
285700 74
285800 84
285900 83
286000 76
286100 74
286200 74
286300 74
286400 74
286500 73
286600 72
286700 73
286800 72
286900 73
287000 74
287100 73
287200 73
287300 74
287400 73
287500 73
287600 73
287700 74
287800 78
287900 77
288000 76
288100 76
288200 74
288300 73
288400 74
288500 74
288600 73
288700 73
288800 74
288900 74
289000 74
289100 73
289200 73
289300 74
289400 73
289500 74
289600 74
289700 76
289800 74
289900 74
290000 74
290100 74
290200 75
290300 74
290400 74
290500 75
290600 74
290700 76
290800 76
290900 76
291000 74
291100 75
291200 75
291300 76
291400 76
291500 76
291600 76
291700 76
291800 75
291900 75
292000 76
292100 76
292200 76
292300 75
292400 76
292500 75
292600 76
292700 75
292800 76
292900 75
293000 76
293100 76
293200 76
293300 76
293400 76
293500 76
293600 78
293700 78
293800 78
293900 78
294000 78
294100 77
294200 77
294300 77
294400 77
294500 77
294600 78
294700 77
294800 78
294900 77
295000 77
295100 77
295200 77
295300 78
295400 77
295500 78
295600 77
295700 79
295800 78
295900 78
296000 79
296100 79
296200 78
296300 78
296400 78
296500 78
296600 78
296700 78
296800 78
296900 78
297000 78
297100 78
297200 77
297300 84
297400 84
297500 78
297600 78
297700 77
297800 77
297900 78
298000 78
298100 77
298200 78
298300 116
298400 79
298500 79
298600 79
298700 78
298800 78
298900 79
299000 81
299100 78
299200 81
299300 79
299400 80
299500 81
299600 78
299700 80
299800 80
299900 79
300000 79
300100 81
300200 80
300300 80
300400 81
300500 80
300600 80
300700 80
300800 79
300900 80
301000 81
301100 79
301200 79
301300 81
301400 80
301500 80
301600 81
301700 80
301800 80
301900 82
302000 80
302100 80
302200 81
302300 81
302400 80
302500 81
302600 80
302700 82
302800 80
302900 80
303000 81
303100 80
303200 80
303300 81
303400 79
303500 79
303600 109
303700 79
303800 80
303900 80
304000 80
304100 82
304200 80
304300 81
304400 81
304500 80
304600 80
304700 80
304800 80
304900 80
305000 82
305100 80
305200 80
305300 82
305400 81
305500 80
305600 81
305700 80
305800 80
305900 81
306000 81
306100 83
306200 81
306300 81
306400 81
306500 81
306600 80
306700 82
306800 81
306900 81
307000 83
307100 81
307200 81
307300 82
307400 81
307500 82
307600 81
307700 103
307800 81
307900 82
308000 82
308100 128
308200 86
308300 82
308400 82
308500 82
308600 82
308700 82
308800 83
308900 83
309000 83
309100 83
309200 81
309300 91
309400 88
309500 86
309600 85
309700 83
309800 82
309900 83
310000 83
310100 82
310200 83
310300 84
310400 83
310500 83
310600 83
310700 83
310800 83
310900 84
311000 84
311100 83
311200 84
311300 83
311400 86
311500 84
311600 84
311700 84
311800 84
311900 84
312000 85
312100 87
312200 87
312300 85
312400 85
312500 85
312600 86
312700 85
312800 85
312900 86
313000 85
313100 85
313200 84
313300 85
313400 83
313500 85
313600 90
313700 91
313800 89
313900 87
314000 85
314100 86
314200 86
314300 85
314400 86
314500 87
314600 87
314700 87
314800 86
314900 85
315000 84
315100 85
315200 85
315300 85
315400 85
315500 85
315600 86
315700 85
315800 85
