1000 3
2000 6
3000 8
4000 4
5000 6
6000 9
7000 11
8000 14
9000 18
10000 22
11000 26
12000 31
13000 37
14000 43
15000 49
16000 55
17000 63
18000 70
19000 77
20000 87
21000 94
22000 102
23000 112
24000 122
25000 133
26000 144
27000 153
28000 165
29000 176
30000 188
31000 201
32000 213
33000 228
34000 241
35000 256
36000 297
37000 285
38000 299
39000 317
40000 335
41000 351
42000 367
43000 386
44000 404
45000 420
46000 437
47000 457
48000 478
49000 498
50000 520
51000 541
52000 563
53000 585
54000 605
55000 660
56000 652
57000 672
58000 700
59000 717
60000 747
61000 774
62000 799
63000 821
64000 846
65000 872
66000 902
67000 933
68000 956
69000 984
70000 1015
71000 1050
72000 1072
73000 1101
74000 1131
75000 1158
76000 1193
77000 1218
78000 1260
79000 1305
80000 1340
81000 1375
82000 1408
83000 1465
84000 1455
85000 1491
86000 1531
87000 1563
88000 1600
89000 1635
90000 1756
91000 1722
92000 1753
93000 1785
94000 1819
95000 1863
96000 1903
97000 1942
98000 1979
99000 2027
100000 2062
