1000 6
1100 3
1200 3
1300 3
1400 1
1500 2
1600 1
1700 2
1800 1
1900 1
2000 2
2100 2
2200 2
2300 2
2400 2
2500 2
2600 1
2700 1
2800 2
2900 2
3000 2
3100 3
3200 2
3300 2
3400 3
3500 3
3600 3
3700 3
3800 4
3900 4
4000 3
4100 4
4200 5
4300 4
4400 5
4500 4
4600 4
4700 5
4800 9
4900 5
5000 5
5100 6
5200 7
5300 6
5400 7
5500 7
5600 7
5700 7
5800 8
5900 8
6000 8
6100 9
6200 8
6300 8
6400 9
6500 9
6600 10
6700 10
6800 11
6900 10
7000 11
7100 11
7200 11
7300 11
7400 12
7500 12
7600 13
7700 13
7800 14
7900 14
8000 14
8100 15
8200 15
8300 15
8400 15
8500 15
8600 17
8700 17
8800 17
8900 17
9000 17
9100 18
9200 19
9300 19
9400 20
9500 19
9600 20
9700 20
9800 21
9900 22
10000 22
10100 22
10200 22
10300 23
10400 23
10500 24
10600 25
10700 25
10800 25
10900 25
11000 26
11100 26
11200 27
11300 27
11400 27
11500 28
11600 29
11700 30
11800 30
11900 30
12000 31
12100 31
12200 32
12300 32
12400 33
12500 33
12600 35
12700 34
12800 35
12900 36
13000 36
13100 37
13200 37
13300 38
13400 38
13500 38
13600 39
13700 40
13800 40
13900 41
14000 42
14100 42
14200 43
14300 44
14400 44
14500 45
14600 45
14700 46
14800 47
14900 47
15000 48
15100 49
15200 49
15300 50
15400 50
15500 51
15600 52
15700 53
15800 54
15900 54
16000 55
16100 55
16200 55
16300 55
16400 57
16500 58
16600 58
16700 59
16800 60
16900 61
17000 61
17100 62
17200 63
17300 64
17400 64
17500 64
17600 65
17700 66
17800 68
17900 67
18000 69
18100 69
18200 69
18300 71
18400 72
18500 72
18600 73
18700 74
18800 75
18900 75
19000 76
19100 77
19200 78
19300 80
19400 80
19500 79
19600 81
19700 81
19800 83
19900 83
20000 94
20100 89
20200 88
20300 87
20400 87
20500 88
20600 89
20700 90
20800 91
20900 91
21000 93
21100 93
21200 94
21300 95
21400 96
21500 97
21600 97
21700 99
21800 99
21900 101
22000 102
22100 104
22200 105
22300 104
22400 105
22500 107
22600 108
22700 108
22800 110
22900 110
