1000 1
1100 0
1200 0
1300 0
1400 1
1500 1
1600 0
1700 0
1800 1
1900 0
2000 0
2100 1
2200 1
2300 0
2400 0
2500 1
2600 1
2700 1
2800 0
2900 0
3000 1
3100 0
3200 0
3300 0
3400 1
3500 1
3600 1
3700 1
3800 1
3900 0
4000 1
4100 0
4200 1
4300 0
4400 1
4500 0
4600 1
4700 0
4800 1
4900 1
5000 0
5100 1
5200 1
5300 0
5400 1
5500 1
5600 1
5700 1
5800 0
5900 0
6000 1
6100 1
6200 1
6300 0
6400 0
6500 0
6600 1
6700 1
6800 1
6900 0
7000 0
7100 1
7200 1
7300 1
7400 1
7500 1
7600 0
7700 0
7800 0
7900 1
8000 1
8100 1
8200 1
8300 1
8400 1
8500 1
8600 1
8700 1
8800 1
8900 1
9000 0
9100 1
9200 1
9300 1
9400 1
9500 1
9600 1
9700 1
9800 1
9900 1
10000 1
10100 1
10200 1
10300 1
10400 1
10500 1
10600 1
10700 1
10800 1
10900 1
11000 1
11100 1
11200 1
11300 1
11400 1
11500 1
11600 1
11700 1
11800 2
11900 1
12000 1
12100 1
12200 1
12300 1
12400 2
12500 1
12600 2
12700 1
12800 1
12900 1
13000 1
13100 1
13200 2
13300 1
13400 1
13500 1
13600 1
13700 1
13800 2
13900 1
14000 1
14100 1
14200 1
14300 2
14400 1
14500 1
14600 2
14700 2
14800 1
14900 1
15000 2
15100 2
15200 1
15300 1
15400 1
15500 2
15600 2
15700 2
15800 1
15900 1
16000 1
16100 1
16200 2
16300 2
16400 2
16500 2
16600 2
16700 2
16800 2
16900 2
17000 1
17100 1
17200 1
17300 1
17400 1
17500 1
17600 1
17700 2
17800 2
17900 2
18000 2
18100 2
18200 1
18300 1
18400 2
18500 2
18600 2
18700 2
18800 1
18900 2
19000 2
19100 2
19200 1
19300 2
19400 2
19500 2
19600 2
19700 2
19800 2
19900 2
20000 2
20100 2
20200 2
20300 2
20400 2
20500 2
20600 2
20700 2
20800 2
20900 2
21000 2
21100 2
21200 2
21300 2
21400 3
21500 2
21600 2
21700 2
21800 2
21900 2
22000 2
22100 2
22200 2
22300 2
22400 2
22500 2
22600 3
22700 2
22800 2
22900 2
23000 3
23100 2
23200 3
23300 3
23400 2
23500 2
23600 2
23700 2
23800 3
23900 3
24000 3
24100 3
24200 2
24300 2
24400 2
24500 3
24600 3
24700 3
24800 3
24900 3
25000 3
25100 3
25200 3
25300 3
25400 2
25500 2
25600 2
25700 3
25800 3
25900 3
26000 3
26100 2
26200 3
26300 3
26400 2
26500 3
26600 2
26700 3
26800 3
26900 3
27000 2
27100 3
27200 3
27300 2
27400 3
27500 4
27600 3
27700 3
27800 3
27900 3
28000 2
28100 3
28200 2
28300 3
28400 3
28500 3
28600 3
28700 3
28800 3
28900 3
29000 3
29100 3
29200 3
29300 3
29400 3
29500 3
29600 3
29700 3
29800 3
29900 3
30000 3
30100 3
30200 3
30300 3
30400 3
30500 4
30600 3
30700 3
30800 3
30900 3
31000 3
31100 4
31200 3
31300 3
31400 3
31500 3
31600 3
31700 3
31800 3
31900 3
32000 3
32100 3
32200 3
32300 3
32400 3
32500 4
32600 4
32700 4
32800 4
32900 4
33000 3
33100 3
33200 3
33300 4
33400 4
33500 3
33600 4
33700 4
33800 3
33900 3
34000 4
34100 4
34200 3
34300 4
34400 4
34500 3
34600 4
34700 4
34800 3
34900 4
35000 3
35100 4
35200 3
35300 4
35400 3
35500 4
35600 3
35700 4
35800 4
35900 4
36000 4
36100 4
36200 4
36300 3
36400 4
36500 4
36600 4
36700 4
36800 4
36900 4
37000 4
37100 4
37200 4
37300 4
37400 4
37500 4
37600 4
37700 4
37800 4
37900 4
38000 4
38100 4
38200 5
38300 5
38400 5
38500 4
38600 4
38700 4
38800 4
38900 4
39000 4
39100 4
39200 5
39300 4
39400 5
39500 4
39600 4
39700 5
39800 5
39900 4
40000 4
40100 4
40200 4
40300 5
40400 4
40500 4
40600 5
40700 4
40800 5
40900 4
41000 5
41100 5
41200 4
41300 5
41400 4
41500 5
41600 5
41700 5
41800 5
41900 5
42000 5
42100 5
42200 4
42300 5
42400 4
42500 5
42600 4
42700 5
42800 4
42900 5
43000 5
43100 4
43200 5
43300 5
43400 5
43500 5
43600 5
43700 5
43800 4
43900 5
44000 5
44100 5
44200 5
44300 5
44400 4
44500 5
44600 5
44700 5
44800 5
44900 5
45000 5
45100 5
45200 5
45300 5
45400 5
45500 5
45600 5
45700 5
45800 5
45900 5
46000 6
46100 5
46200 5
46300 5
46400 5
46500 5
46600 6
46700 5
46800 5
46900 5
47000 6
47100 5
47200 5
47300 6
47400 5
47500 5
47600 6
47700 5
47800 5
47900 6
48000 5
48100 6
48200 5
48300 6
48400 5
48500 6
48600 5
48700 6
48800 6
48900 5
49000 6
49100 5
49200 6
49300 6
49400 5
49500 6
49600 6
49700 6
49800 5
49900 6
50000 6
50100 6
50200 6
50300 6
50400 6
50500 5
50600 6
50700 6
50800 6
50900 6
51000 6
51100 6
51200 6
51300 6
51400 6
51500 6
51600 6
51700 6
51800 6
51900 6
52000 6
52100 7
52200 6
52300 6
52400 6
52500 6
52600 6
52700 6
52800 6
52900 6
53000 7
53100 6
53200 6
53300 6
53400 6
53500 7
53600 6
53700 6
53800 6
53900 7
54000 6
54100 7
54200 6
54300 7
54400 6
54500 7
54600 6
54700 6
54800 7
54900 6
55000 7
55100 7
55200 6
55300 6
55400 7
55500 6
55600 6
55700 7
55800 7
55900 7
56000 7
56100 6
56200 6
56300 6
56400 7
56500 7
56600 7
56700 7
56800 7
56900 7
57000 7
57100 7
57200 7
57300 7
57400 7
57500 7
57600 7
57700 6
57800 7
57900 7
58000 7
58100 7
58200 7
58300 7
58400 7
58500 7
58600 8
58700 7
58800 7
58900 7
59000 7
59100 8
59200 7
59300 8
59400 7
59500 8
59600 7
59700 8
59800 7
59900 8
60000 7
60100 8
60200 8
60300 7
60400 7
60500 9
60600 8
60700 8
60800 7
60900 7
61000 8
61100 8
61200 7
61300 7
61400 8
61500 8
61600 8
61700 8
61800 7
61900 7
62000 7
62100 7
62200 7
62300 7
62400 7
62500 7
62600 7
62700 7
62800 7
62900 7
63000 8
63100 8
63200 8
63300 8
63400 8
63500 8
63600 8
63700 8
63800 8
63900 8
64000 8
64100 8
64200 8
64300 8
64400 8
64500 9
64600 8
64700 8
64800 8
64900 8
65000 8
65100 9
65200 8
65300 9
65400 8
65500 8
65600 9
65700 8
65800 8
65900 9
66000 8
66100 8
66200 8
66300 9
66400 9
66500 8
66600 8
66700 8
66800 8
66900 9
67000 9
67100 9
67200 9
67300 9
67400 9
67500 9
67600 9
67700 9
67800 9
67900 9
68000 8
68100 8
68200 8
68300 9
68400 9
68500 9
68600 9
68700 8
68800 9
68900 9
69000 9
69100 9
69200 9
69300 8
69400 9
69500 9
69600 9
69700 9
69800 9
69900 9
70000 9
70100 9
70200 9
70300 9
70400 9
70500 9
70600 9
70700 9
70800 10
70900 9
71000 9
71100 9
71200 9
71300 9
71400 9
71500 10
71600 9
71700 9
71800 10
71900 10
72000 9
72100 9
72200 9
72300 9
72400 9
72500 9
72600 9
72700 9
72800 9
72900 9
73000 9
73100 9
73200 9
73300 10
73400 10
73500 10
73600 9
73700 9
73800 10
73900 10
74000 10
74100 9
74200 10
74300 10
74400 9
74500 10
74600 10
74700 9
74800 10
74900 10
75000 10
75100 10
75200 10
75300 10
75400 10
75500 10
75600 10
75700 10
75800 11
75900 10
76000 10
76100 11
76200 10
76300 10
76400 10
76500 10
76600 10
76700 10
76800 10
76900 11
77000 10
77100 10
77200 10
77300 10
77400 10
77500 10
77600 10
77700 10
77800 10
77900 10
78000 10
78100 10
78200 11
78300 11
78400 10
78500 10
78600 10
78700 11
78800 11
78900 10
79000 10
79100 11
79200 11
79300 10
79400 10
79500 11
79600 11
79700 11
79800 11
79900 10
80000 11
80100 11
80200 11
80300 11
80400 11
80500 11
80600 11
80700 11
80800 11
80900 11
81000 11
81100 11
81200 11
81300 11
81400 11
81500 11
81600 10
81700 11
81800 11
81900 11
82000 11
82100 11
82200 11
82300 11
82400 11
82500 11
82600 12
82700 11
82800 11
82900 11
83000 11
83100 11
83200 11
83300 11
83400 12
83500 11
83600 11
83700 11
83800 12
83900 12
84000 11
84100 12
84200 12
84300 11
84400 12
84500 12
84600 11
84700 12
84800 11
84900 12
85000 12
85100 12
85200 12
85300 12
85400 12
85500 12
85600 12
85700 12
85800 12
85900 12
86000 12
86100 12
86200 12
86300 12
86400 12
86500 12
86600 12
86700 12
86800 12
86900 13
87000 13
87100 12
87200 13
87300 12
87400 12
87500 13
87600 13
87700 12
87800 12
87900 12
88000 12
88100 12
88200 13
88300 13
88400 12
88500 13
88600 13
88700 12
88800 12
88900 13
89000 12
89100 13
89200 13
89300 12
89400 13
89500 12
89600 13
89700 13
89800 12
89900 13
90000 12
90100 13
90200 12
90300 13
90400 13
90500 12
90600 13
90700 13
90800 13
90900 12
91000 13
91100 13
91200 13
91300 13
91400 13
91500 13
91600 13
91700 13
91800 13
91900 13
92000 13
92100 13
92200 13
92300 13
92400 13
92500 13
92600 13
92700 14
92800 13
92900 13
93000 13
93100 14
93200 13
93300 14
93400 13
93500 14
93600 13
93700 13
93800 14
93900 13
94000 14
94100 13
94200 14
94300 13
94400 14
94500 14
94600 15
94700 17
94800 18
94900 15
95000 15
95100 14
95200 14
95300 15
95400 14
95500 16
95600 15
95700 16
95800 17
95900 14
96000 15
96100 17
96200 15
96300 16
96400 14
96500 17
96600 16
96700 15
96800 16
96900 16
97000 17
97100 17
97200 16
97300 17
97400 24
97500 19
97600 17
97700 16
97800 14
97900 15
98000 14
98100 14
98200 15
98300 14
98400 14
98500 15
98600 14
98700 14
98800 15
98900 14
99000 14
99100 14
99200 15
99300 15
99400 14
99500 15
99600 14
99700 15
99800 15
99900 14
100000 15
100100 15
100200 15
100300 15
100400 15
100500 14
100600 14
100700 15
100800 15
100900 15
101000 15
101100 15
101200 15
101300 15
101400 15
101500 15
101600 15
101700 15
101800 15
101900 16
102000 15
102100 15
102200 16
102300 15
102400 15
102500 15
102600 15
102700 15
102800 15
102900 15
103000 16
103100 15
103200 15
103300 16
103400 15
103500 16
103600 16
103700 15
103800 15
103900 16
104000 15
104100 15
104200 16
104300 16
104400 16
104500 15
104600 15
104700 16
104800 16
104900 16
105000 16
105100 16
105200 16
105300 16
105400 16
105500 16
105600 16
105700 16
105800 16
105900 16
106000 16
106100 16
106200 16
106300 16
106400 17
106500 16
106600 16
106700 16
106800 17
106900 16
107000 16
107100 17
107200 16
107300 16
107400 17
107500 16
107600 17
107700 16
107800 16
107900 16
108000 16
108100 16
108200 17
108300 29
108400 23
108500 20
108600 19
108700 17
108800 17
108900 16
109000 16
109100 16
109200 17
109300 17
109400 17
109500 17
109600 16
109700 16
109800 17
109900 17
110000 17
110100 16
110200 17
110300 17
110400 17
110500 16
110600 16
110700 17
110800 17
110900 17
111000 17
111100 18
111200 17
111300 17
111400 17
111500 17
111600 18
111700 17
111800 17
111900 17
112000 18
112100 17
112200 18
112300 18
112400 17
112500 17
112600 18
112700 18
112800 17
112900 17
113000 17
113100 18
113200 18
113300 18
113400 18
113500 18
113600 18
113700 18
113800 18
113900 17
114000 18
114100 18
114200 18
114300 18
114400 18
114500 18
114600 17
114700 17
114800 18
114900 18
115000 18
115100 17
115200 18
115300 18
115400 18
115500 18
115600 18
115700 18
115800 18
115900 18
116000 18
116100 18
116200 18
116300 18
116400 19
116500 18
116600 18
116700 18
116800 18
116900 19
117000 19
117100 18
117200 18
117300 18
117400 19
117500 19
117600 18
117700 18
117800 18
117900 18
118000 19
118100 19
118200 19
118300 19
118400 19
118500 18
118600 19
118700 19
118800 19
118900 18
119000 19
119100 19
119200 18
119300 19
119400 18
119500 19
119600 19
119700 19
119800 19
119900 19
120000 19
120100 19
120200 19
120300 19
120400 19
120500 19
120600 19
120700 19
120800 20
120900 19
121000 19
121100 19
121200 20
121300 20
121400 19
121500 19
121600 19
121700 19
121800 19
121900 20
122000 20
122100 19
122200 20
122300 20
122400 20
122500 19
122600 19
122700 20
122800 25
122900 24
123000 25
123100 24
123200 24
123300 24
123400 24
123500 24
123600 24
123700 24
123800 24
123900 24
124000 24
124100 24
124200 25
124300 25
124400 25
124500 24
124600 25
124700 25
124800 24
124900 21
125000 20
125100 20
125200 20
125300 20
125400 21
125500 21
125600 20
125700 21
125800 21
125900 21
126000 21
126100 20
126200 20
126300 20
126400 21
126500 21
126600 21
126700 20
126800 21
126900 21
127000 21
127100 21
127200 21
127300 20
127400 21
127500 20
127600 21
127700 21
127800 21
127900 21
128000 21
128100 21
128200 21
128300 21
128400 21
128500 21
128600 21
128700 21
128800 21
128900 21
129000 21
129100 21
129200 21
129300 21
129400 21
129500 22
129600 21
129700 21
129800 21
129900 21
130000 21
130100 21
130200 21
130300 21
130400 21
130500 22
130600 22
130700 22
130800 21
130900 22
131000 21
131100 21
131200 22
131300 21
131400 22
131500 21
131600 22
131700 21
131800 22
131900 21
132000 22
132100 22
132200 22
132300 22
132400 22
132500 22
132600 22
132700 22
132800 22
132900 22
133000 22
133100 23
133200 23
133300 22
133400 22
133500 22
133600 23
133700 23
133800 23
133900 22
134000 23
134100 23
134200 22
134300 22
134400 22
134500 22
134600 23
134700 23
134800 22
134900 22
135000 23
135100 22
135200 23
135300 23
135400 23
135500 22
135600 23
135700 23
135800 22
135900 23
136000 23
136100 22
136200 23
136300 23
136400 23
136500 23
136600 22
136700 23
136800 23
136900 23
137000 23
137100 23
137200 24
137300 23
137400 23
137500 24
137600 23
137700 24
137800 23
137900 23
138000 23
138100 24
138200 23
138300 23
138400 24
138500 24
138600 23
138700 24
138800 23
138900 24
139000 23
139100 23
139200 24
139300 24
139400 24
139500 24
139600 23
139700 24
139800 23
139900 24
140000 24
140100 24
140200 24
140300 24
140400 24
140500 24
140600 24
140700 24
140800 24
140900 24
141000 24
141100 24
141200 24
141300 24
141400 24
141500 24
141600 24
141700 25
141800 24
141900 24
142000 24
142100 24
142200 25
142300 25
142400 24
142500 24
142600 24
142700 25
142800 24
142900 25
143000 25
143100 24
143200 25
143300 24
143400 25
143500 25
143600 25
143700 25
143800 24
143900 25
144000 25
144100 25
144200 25
144300 25
144400 25
144500 24
144600 25
144700 25
144800 25
144900 25
145000 24
145100 26
145200 25
145300 25
145400 25
145500 25
145600 26
145700 25
145800 25
145900 25
146000 25
146100 26
146200 25
146300 25
146400 26
146500 25
146600 26
146700 25
146800 26
146900 26
147000 25
147100 26
147200 26
147300 26
147400 25
147500 26
147600 26
147700 25
147800 25
147900 26
148000 26
148100 26
148200 26
148300 26
148400 26
148500 26
148600 26
148700 26
148800 26
148900 26
149000 27
149100 26
149200 26
149300 27
149400 26
149500 26
149600 26
149700 26
149800 26
149900 26
150000 27
150100 26
150200 27
150300 27
150400 26
150500 27
150600 26
150700 27
150800 27
150900 27
151000 27
151100 27
151200 26
151300 27
151400 27
151500 27
151600 27
151700 27
151800 27
151900 27
152000 27
152100 27
152200 27
152300 27
152400 27
152500 26
152600 26
152700 27
152800 28
152900 27
153000 27
153100 27
153200 27
153300 27
153400 28
153500 27
153600 28
153700 27
153800 27
153900 28
154000 27
154100 28
154200 28
154300 27
154400 27
154500 28
154600 28
154700 27
154800 27
154900 28
155000 28
155100 28
155200 28
155300 28
155400 28
155500 28
155600 28
155700 28
155800 28
155900 27
156000 28
156100 28
156200 28
156300 28
156400 29
156500 28
156600 28
156700 28
156800 28
156900 28
157000 28
157100 29
157200 29
157300 28
157400 28
157500 28
157600 28
157700 28
157800 29
157900 28
158000 29
158100 28
158200 28
158300 29
158400 29
158500 29
158600 29
158700 29
158800 29
158900 29
159000 29
159100 28
159200 28
159300 28
159400 29
159500 29
159600 29
159700 29
159800 29
159900 29
160000 29
160100 29
160200 29
160300 28
160400 29
160500 29
160600 29
160700 29
160800 30
160900 30
161000 29
161100 30
161200 29
161300 29
161400 30
161500 30
161600 29
161700 30
161800 30
161900 30
162000 30
162100 30
162200 30
162300 29
162400 29
162500 30
162600 30
162700 30
162800 30
162900 30
163000 30
163100 30
163200 31
163300 30
163400 30
163500 30
163600 30
163700 30
163800 30
163900 30
164000 30
164100 30
164200 30
164300 34
164400 31
164500 32
164600 31
164700 31
164800 31
164900 31
165000 30
165100 31
165200 30
165300 31
165400 31
165500 31
165600 32
165700 31
165800 30
165900 31
166000 31
166100 31
166200 31
166300 30
166400 31
166500 31
166600 31
